number_sequences(5, start_position='c', start_direction='r', rotation_direction='cc')
17	16	15	14	13	
18	 5	 4	 3	12	
19	 6	 1	 2	11	
20	 7	 8	 9	10	
21	22	23	24	25	

number_sequences(7, start_position='c', start_direction='l', rotation_direction='cc')
49	48	47	46	45	44	43	
26	25	24	23	22	21	42	
27	10	 9	 8	 7	20	41	
28	11	 2	 1	 6	19	40	
29	12	 3	 4	 5	18	39	
30	13	14	15	16	17	38	
31	32	33	34	35	36	37	

number_sequences(9, start_position='c', start_direction='u', rotation_direction='cc')
57	56	55	54	53	52	51	50	81	
58	31	30	29	28	27	26	49	80	
59	32	13	12	11	10	25	48	79	
60	33	14	 3	 2	 9	24	47	78	
61	34	15	 4	 1	 8	23	46	77	
62	35	16	 5	 6	 7	22	45	76	
63	36	17	18	19	20	21	44	75	
64	37	38	39	40	41	42	43	74	
65	66	67	68	69	70	71	72	73	

number_sequences(11, start_position='c', start_direction='d', rotation_direction='cc')
111	110	109	108	107	106	105	104	103	102	101	
112	 73	 72	 71	 70	 69	 68	 67	 66	 65	100	
113	 74	 43	 42	 41	 40	 39	 38	 37	 64	 99	
114	 75	 44	 21	 20	 19	 18	 17	 36	 63	 98	
115	 76	 45	 22	  7	  6	  5	 16	 35	 62	 97	
116	 77	 46	 23	  8	  1	  4	 15	 34	 61	 96	
117	 78	 47	 24	  9	  2	  3	 14	 33	 60	 95	
118	 79	 48	 25	 10	 11	 12	 13	 32	 59	 94	
119	 80	 49	 26	 27	 28	 29	 30	 31	 58	 93	
120	 81	 50	 51	 52	 53	 54	 55	 56	 57	 92	
121	 82	 83	 84	 85	 86	 87	 88	 89	 90	 91	

number_sequences(5, start_position='c', start_direction='r', rotation_direction='c')
21	22	23	24	25	
20	 7	 8	 9	10	
19	 6	 1	 2	11	
18	 5	 4	 3	12	
17	16	15	14	13	

number_sequences(7, start_position='c', start_direction='l', rotation_direction='c')
31	32	33	34	35	36	37	
30	13	14	15	16	17	38	
29	12	 3	 4	 5	18	39	
28	11	 2	 1	 6	19	40	
27	10	 9	 8	 7	20	41	
26	25	24	23	22	21	42	
49	48	47	46	45	44	43	

number_sequences(9, start_position='c', start_direction='u', rotation_direction='c')
81	50	51	52	53	54	55	56	57	
80	49	26	27	28	29	30	31	58	
79	48	25	10	11	12	13	32	59	
78	47	24	 9	 2	 3	14	33	60	
77	46	23	 8	 1	 4	15	34	61	
76	45	22	 7	 6	 5	16	35	62	
75	44	21	20	19	18	17	36	63	
74	43	42	41	40	39	38	37	64	
73	72	71	70	69	68	67	66	65	

number_sequences(11, start_position='c', start_direction='d', rotation_direction='c')
101	102	103	104	105	106	107	108	109	110	111	
100	 65	 66	 67	 68	 69	 70	 71	 72	 73	112	
 99	 64	 37	 38	 39	 40	 41	 42	 43	 74	113	
 98	 63	 36	 17	 18	 19	 20	 21	 44	 75	114	
 97	 62	 35	 16	  5	  6	  7	 22	 45	 76	115	
 96	 61	 34	 15	  4	  1	  8	 23	 46	 77	116	
 95	 60	 33	 14	  3	  2	  9	 24	 47	 78	117	
 94	 59	 32	 13	 12	 11	 10	 25	 48	 79	118	
 93	 58	 31	 30	 29	 28	 27	 26	 49	 80	119	
 92	 57	 56	 55	 54	 53	 52	 51	 50	 81	120	
 91	 90	 89	 88	 87	 86	 85	 84	 83	 82	121	

number_sequences(5, start_position='tl', rotation_direction='cc')
 1	16	15	14	13	
 2	17	24	23	12	
 3	18	25	22	11	
 4	19	20	21	10	
 5	 6	 7	 8	 9	

number_sequences(7, start_position='tr', rotation_direction='cc')
 7	 6	 5	 4	 3	 2	 1	
 8	29	28	27	26	25	24	
 9	30	43	42	41	40	23	
10	31	44	49	48	39	22	
11	32	45	46	47	38	21	
12	33	34	35	36	37	20	
13	14	15	16	17	18	19	

number_sequences(9, start_position='br', rotation_direction='cc')
17	16	15	14	13	12	11	10	 9	
18	45	44	43	42	41	40	39	 8	
19	46	65	64	63	62	61	38	 7	
20	47	66	77	76	75	60	37	 6	
21	48	67	78	81	74	59	36	 5	
22	49	68	79	80	73	58	35	 4	
23	50	69	70	71	72	57	34	 3	
24	51	52	53	54	55	56	33	 2	
25	26	27	28	29	30	31	32	 1	

number_sequences(11, start_position='bl', rotation_direction='cc')
 31	 30	 29	 28	 27	 26	 25	 24	 23	 22	 21	
 32	 65	 64	 63	 62	 61	 60	 59	 58	 57	 20	
 33	 66	 91	 90	 89	 88	 87	 86	 85	 56	 19	
 34	 67	 92	109	108	107	106	105	 84	 55	 18	
 35	 68	 93	110	119	118	117	104	 83	 54	 17	
 36	 69	 94	111	120	121	116	103	 82	 53	 16	
 37	 70	 95	112	113	114	115	102	 81	 52	 15	
 38	 71	 96	 97	 98	 99	100	101	 80	 51	 14	
 39	 72	 73	 74	 75	 76	 77	 78	 79	 50	 13	
 40	 41	 42	 43	 44	 45	 46	 47	 48	 49	 12	
  1	  2	  3	  4	  5	  6	  7	  8	  9	 10	 11	

number_sequences(5, start_position='tl', rotation_direction='c')
 1	 2	 3	 4	 5	
16	17	18	19	 6	
15	24	25	20	 7	
14	23	22	21	 8	
13	12	11	10	 9	

number_sequences(7, start_position='tr', rotation_direction='c')
19	20	21	22	23	24	 1	
18	37	38	39	40	25	 2	
17	36	47	48	41	26	 3	
16	35	46	49	42	27	 4	
15	34	45	44	43	28	 5	
14	33	32	31	30	29	 6	
13	12	11	10	 9	 8	 7	

number_sequences(9, start_position='br', rotation_direction='c')
17	18	19	20	21	22	23	24	25	
16	45	46	47	48	49	50	51	26	
15	44	65	66	67	68	69	52	27	
14	43	64	77	78	79	70	53	28	
13	42	63	76	81	80	71	54	29	
12	41	62	75	74	73	72	55	30	
11	40	61	60	59	58	57	56	31	
10	39	38	37	36	35	34	33	32	
 9	 8	 7	 6	 5	 4	 3	 2	 1	

number_sequences(11, start_position='bl', rotation_direction='c')
 11	 12	 13	 14	 15	 16	 17	 18	 19	 20	 21	
 10	 49	 50	 51	 52	 53	 54	 55	 56	 57	 22	
  9	 48	 79	 80	 81	 82	 83	 84	 85	 58	 23	
  8	 47	 78	101	102	103	104	105	 86	 59	 24	
  7	 46	 77	100	115	116	117	106	 87	 60	 25	
  6	 45	 76	 99	114	121	118	107	 88	 61	 26	
  5	 44	 75	 98	113	120	119	108	 89	 62	 27	
  4	 43	 74	 97	112	111	110	109	 90	 63	 28	
  3	 42	 73	 96	 95	 94	 93	 92	 91	 64	 29	
  2	 41	 72	 71	 70	 69	 68	 67	 66	 65	 30	
  1	 40	 39	 38	 37	 36	 35	 34	 33	 32	 31	

